# Number of Draws N = 10
0 61.302637 12.745353
1 58.118074 8.838181
2 50.193910 14.942065
3 52.386463 20.296506
4 49.915146 8.959645
5 61.771123 10.047508
6 55.555222 16.887760
7 47.229961 8.544483
8 49.081198 16.811053
9 51.488742 13.800377
# Number of Draws N = 100
0 56.608851 12.999870
1 53.587250 12.921144
2 53.677155 12.375825
3 54.465707 10.687190
4 56.587313 13.211555
5 57.254264 12.106943
6 55.820894 14.001834
7 55.890674 12.414712
8 54.717029 13.731026
9 54.733766 12.954735
# Number of Draws N = 1000
0 54.489585 12.647175
1 54.752316 12.597823
2 55.274647 13.091372
3 54.213124 13.097384
4 54.736080 12.797294
5 54.740192 13.027582
6 54.831478 13.191772
7 54.554520 12.506180
8 54.894177 13.286043
9 54.894543 13.037959
# Number of Draws N = 10000
0 55.251334 12.936042
1 54.953859 12.875352
2 54.841828 13.060072
3 55.103174 13.199233
4 55.136595 13.051370
5 54.820110 13.038655
6 55.097733 12.920234
7 54.936608 12.959226
8 54.995194 13.188951
9 55.014885 13.078538
# Number of Draws N = 100000
0 55.032789 12.984237
1 54.980202 13.012762
2 55.019550 13.056354
3 55.080222 12.986685
4 55.026412 12.971793
5 54.971786 12.974988
6 55.017760 13.005979
7 55.004489 13.027907
8 55.038729 12.998557
9 54.953672 12.990046
# Number of Draws N = 1000000
0 54.987649 12.994459
1 55.009387 12.994838
2 54.991107 12.983328
3 55.009667 13.006927
4 54.999167 13.010645
5 54.988846 12.989406
6 54.962037 12.992168
7 55.000749 12.997070
8 54.980388 13.013056
9 55.015917 13.002903
# Sample size	Std. dev. of mean
10 4.9
100 1.2
1000 0.3
10000 0.1
100000 0.0
1000000 0.0
